BUBBLE SORT
data, time (ms)
..............
1000, 0
2000, 9
3000, 21
4000, 40
5000, 60
6000, 90
7000, 130
8000, 169
9000, 211
10000, 270
11000, 350
12000, 410
13000, 501
14000, 589
15000, 701
16000, 810
17000, 909
18000, 1021
19000, 1151
20000, 1310
21000, 1490
22000, 1643
23000, 1785
24000, 1990
25000, 2192
26000, 2389
27000, 2600
28000, 2810
29000, 3021
30000, 3283
31000, 3541
32000, 3732
33000, 4069
34000, 4331
35000, 4740
36000, 4852
37000, 5153
38000, 5440
39000, 5801
40000, 6092
41000, 6484
42000, 6773
43000, 7092
44000, 7560
45000, 7829
46000, 8143
47000, 8570
48000, 9111
49000, 9333
50000, 9712
51000, 10162
52000, 10569
53000, 11014
54000, 11563
55000, 11913
56000, 12356
57000, 12751
58000, 13265
59000, 13863
60000, 14177
61000, 14894
62000, 15302
63000, 15912
64000, 16191
65000, 16935
66000, 17304
67000, 17834
68000, 18474
69000, 18886
70000, 19712
71000, 20110
72000, 20743
73000, 21485
74000, 21835
75000, 22665
76000, 23114
77000, 23676
78000, 24533
79000, 24915
80000, 25792
81000, 26266
82000, 26965
83000, 28019
84000, 28218
85000, 29198
86000, 29858
87000, 30428
88000, 31115
89000, 31835
90000, 32547
91000, 33791
92000, 34359
93000, 34755
94000, 35693
95000, 36286
96000, 37238
97000, 38781
98000, 38718
99000, 39579
100000, 40506
---------------
SELECTION SORT
data, time (ms)
..............
1000, 0
2000, 10
3000, 30
4000, 40
5000, 70
6000, 91
7000, 130
8000, 170
9000, 220
10000, 279
11000, 351
12000, 410
13000, 490
14000, 600
15000, 730
16000, 810
17000, 930
18000, 1060
19000, 1170
20000, 1310
21000, 1470
22000, 1640
23000, 1800
24000, 1980
25000, 2180
26000, 2391
27000, 2580
28000, 2811
29000, 3011
30000, 3290
31000, 3540
32000, 3860
33000, 4081
34000, 4312
35000, 4650
36000, 4881
37000, 5161
38000, 5482
39000, 5900
40000, 6171
41000, 6440
42000, 6752
43000, 7120
44000, 7462
45000, 7772
46000, 8134
47000, 8690
48000, 9034
49000, 9342
50000, 9782
51000, 10159
52000, 10593
53000, 11052
54000, 11402
55000, 12034
56000, 12305
57000, 12784
58000, 13283
59000, 13723
60000, 14373
61000, 14738
62000, 15152
63000, 15804
64000, 16312
65000, 16774
66000, 17344
67000, 17882
68000, 18342
69000, 19004
70000, 19497
71000, 20202
72000, 20768
73000, 21206
74000, 21946
75000, 22567
76000, 23074
77000, 23881
78000, 24413
79000, 25004
80000, 25596
81000, 26317
82000, 26984
83000, 27608
84000, 28463
85000, 29015
86000, 29703
87000, 30550
88000, 31166
89000, 31778
90000, 32682
91000, 33208
92000, 34205
93000, 34734
94000, 35687
95000, 36452
96000, 37267
97000, 38259
98000, 39127
99000, 39558
100000, 40345
-------------
STRAIGHT INSERTION SORT
data, time (ms)
..............
1000, 10
2000, 9
3000, 20
4000, 50
5000, 60
6000, 90
7000, 140
8000, 180
9000, 230
10000, 280
11000, 360
12000, 430
13000, 521
14000, 570
15000, 750
16000, 820
17000, 900
18000, 1030
19000, 1180
20000, 1331
21000, 1540
22000, 1671
23000, 1810
24000, 1980
25000, 2170
26000, 2391
27000, 2600
28000, 2781
29000, 3040
30000, 3292
31000, 3542
32000, 3757
33000, 4022
34000, 4309
35000, 4610
36000, 5022
37000, 5250
38000, 5420
39000, 5741
40000, 6242
41000, 6593
42000, 6761
43000, 7093
44000, 7460
45000, 7959
46000, 8300
47000, 8602
48000, 8933
49000, 9391
50000, 9742
51000, 10172
52000, 10560
53000, 11142
54000, 11471
55000, 11932
56000, 12430
57000, 12759
58000, 13361
59000, 13873
60000, 14276
61000, 14810
62000, 15453
63000, 15751
64000, 16234
65000, 16776
66000, 17322
67000, 18092
68000, 18424
69000, 18859
70000, 19656
71000, 20065
72000, 20629
73000, 21454
74000, 21944
75000, 22365
76000, 23245
77000, 23693
78000, 24486
79000, 25004
80000, 25555
81000, 26695
82000, 26927
83000, 27769
84000, 28178
85000, 29115
86000, 29731
87000, 30569
88000, 31119
89000, 32055
90000, 33367
91000, 34374
92000, 34105
93000, 34880
94000, 35929
95000, 36872
96000, 37780
97000, 38697
98000, 38788
99000, 39786
100000, 40460
--------------
BINARY INSERTION SORT
data, time (ms)
..............
1000, 0
2000, 9
3000, 31
4000, 49
5000, 70
6000, 99
7000, 132
8000, 170
9000, 220
10000, 290
11000, 360
12000, 450
13000, 500
14000, 590
15000, 720
16000, 820
17000, 930
18000, 1061
19000, 1190
20000, 1351
21000, 1470
22000, 1671
23000, 1800
24000, 2082
25000, 2341
26000, 2511
27000, 2666
28000, 2902
29000, 3166
30000, 3526
31000, 3649
32000, 3809
33000, 4001
34000, 4283
35000, 4630
36000, 4881
37000, 5150
38000, 5442
39000, 5762
40000, 6062
41000, 6532
42000, 6780
43000, 7191
44000, 7440
45000, 7825
46000, 8316
47000, 8591
48000, 8902
49000, 9332
50000, 9752
51000, 10335
52000, 10889
53000, 11300
54000, 11494
55000, 11946
56000, 12547
57000, 12761
58000, 13490
59000, 13958
60000, 14418
61000, 14778
62000, 15686
63000, 15843
64000, 16252
65000, 16854
66000, 17303
67000, 18033
68000, 18598
69000, 19250
70000, 19611
71000, 20330
72000, 20900
73000, 21216
74000, 21904
75000, 22509
76000, 23571
77000, 24007
78000, 24281
79000, 25201
80000, 25722
81000, 26732
82000, 27208
83000, 27584
84000, 28476
85000, 28991
86000, 30042
87000, 30348
88000, 31466
89000, 32094
90000, 33370
91000, 33384
92000, 34130
93000, 34907
94000, 35614
95000, 38041
96000, 38228
97000, 38796
98000, 40005
99000, 40748
100000, 41363
--------------
MERGE SORT
data, time (ms)
..............
1000, 9
2000, 10
3000, 31
4000, 49
5000, 61
6000, 89
7000, 131
8000, 169
9000, 230
10000, 280
11000, 351
12000, 420
13000, 519
14000, 580
15000, 731
16000, 790
17000, 959
18000, 1111
19000, 1229
20000, 1354
21000, 1544
22000, 1698
23000, 1845
24000, 1997
25000, 2170
26000, 2380
27000, 2600
28000, 2792
29000, 3030
30000, 3270
31000, 3491
32000, 3762
33000, 4051
34000, 4471
35000, 4572
36000, 4891
37000, 5140
38000, 5420
39000, 5819
40000, 6062
41000, 6436
42000, 6833
43000, 7303
44000, 7665
45000, 8253
46000, 8666
47000, 8886
48000, 9319
49000, 9686
50000, 10061
51000, 10338
52000, 10539
53000, 11463
54000, 11963
55000, 12375
56000, 12466
57000, 13082
58000, 13245
59000, 13784
60000, 14383
61000, 14901
62000, 15180
63000, 15571
64000, 16395
65000, 16819
66000, 17463
67000, 17922
68000, 18569
69000, 19001
70000, 19456
71000, 20128
72000, 20695
73000, 21161
74000, 22107
75000, 22577
76000, 23011
77000, 24152
78000, 24770
79000, 25724
80000, 25599
81000, 26297
82000, 27115
83000, 27634
84000, 28684
85000, 29908
86000, 30621
87000, 30889
88000, 31501
89000, 32425
90000, 32926
91000, 33941
92000, 34193
93000, 34744
94000, 35676
95000, 36837
96000, 37665
97000, 38710
98000, 39459
99000, 40003
100000, 40741
-------------
REKURSIF QUICK SORT
data, time (ms)
..............
1000, 0
2000, 11
3000, 20
4000, 41
5000, 60
6000, 90
7000, 130
8000, 180
9000, 230
10000, 291
11000, 350
12000, 419
13000, 510
14000, 600
15000, 711
16000, 800
17000, 919
18000, 1071
19000, 1200
20000, 1359
21000, 1531
22000, 1679
23000, 1890
24000, 2090
25000, 2250
26000, 2470
27000, 2710
28000, 2910
29000, 3160
30000, 3390
31000, 3641
32000, 3989
33000, 4201
34000, 4480
35000, 4770
36000, 5020
37000, 5400
38000, 5622
39000, 6041
40000, 6270
41000, 6701
42000, 7059
43000, 7592
44000, 7849
45000, 8235
46000, 8462
47000, 8835
48000, 9125
49000, 9543
50000, 10004
51000, 10340
52000, 10700
53000, 11193
54000, 11565
55000, 12055
56000, 12471
57000, 13071
58000, 13524
59000, 13920
60000, 14424
61000, 14965
62000, 15765
63000, 16197
64000, 17052
65000, 17428
66000, 18230
67000, 19020
68000, 19551
69000, 20009
70000, 19970
71000, 20640
72000, 21061
73000, 21642
74000, 22392
75000, 22781
76000, 23542
77000, 24141
78000, 24701
79000, 25460
80000, 26181
81000, 26801
82000, 27463
83000, 28182
84000, 28762
85000, 29563
86000, 30355
87000, 30872
88000, 31822
89000, 32582
90000, 33200
91000, 34102
92000, 34744
93000, 35524
94000, 36190
95000, 36875
96000, 37751
97000, 38524
98000, 39363
99000, 40236
100000, 40898
-------------
NON REKURSIF QUICK SORT
data, time (ms)
..............
1000, 0
2000, 10
3000, 40
4000, 50
5000, 67
6000, 90
7000, 124
8000, 166
9000, 224
10000, 300
11000, 349
12000, 426
13000, 490
14000, 583
15000, 703
16000, 789
17000, 916
18000, 1082
19000, 1221
20000, 1359
21000, 1502
22000, 1668
23000, 1817
24000, 2035
25000, 2215
26000, 2467
27000, 2697
28000, 2901
29000, 3153
30000, 3425
31000, 3652
32000, 3887
33000, 4162
34000, 4399
35000, 4666
36000, 4981
37000, 5269
38000, 5538
39000, 5885
40000, 6213
41000, 6611
42000, 6990
43000, 7357
44000, 7610
45000, 7976
46000, 8346
47000, 8718
48000, 9112
49000, 9557
50000, 9961
51000, 10300
52000, 10759
53000, 11223
54000, 11643
55000, 12238
56000, 12547
57000, 13017
58000, 13528
59000, 14013
60000, 14496
61000, 15185
62000, 15522
63000, 16042
64000, 16638
65000, 17133
66000, 17697
67000, 18209
68000, 18795
69000, 19364
70000, 19902
71000, 20500
72000, 21050
73000, 21749
74000, 22296
75000, 23144
76000, 23521
77000, 24147
78000, 24816
79000, 25423
80000, 26101
81000, 26765
82000, 27590
83000, 28210
84000, 28805
85000, 29613
86000, 30287
87000, 30984
88000, 31667
89000, 32509
90000, 33098
91000, 34044
92000, 34774
93000, 35677
94000, 36249
95000, 37041
96000, 37854
97000, 38684
98000, 39696
99000, 40321
100000, 41304
--------------
